Sciper=252556
###### Exercise 1
m11=2201628678351802109158741970965579553527675342928997685287139
m12=2237069195570108746706526504344111412597825544168810236671610
m13=3119473458848273197352734748152304167097214270372060759612129
m14=1759629237435532360501154438793605746917618437413867443205775
y11=20829832371282720067208983424291049116832740840593341098454415282695808520964437152330408302330142745633668933800
y12=26783759441968456109963754705105213655671796751769300434010990290146263689640840279815835837130869175806428487000
w1=79722718164984945615085
u1=202811431404854312857985
###### Exercise 2
n2=447086698065961648436225893099370884138003256515666684946587805984148734616639222885019867627323561752133717716309118061188151534262489941698925648016882835265362378320495468887381
p21=975171828500567850835764798519125280831224333992076919089359520246748995235532370755004759
p22=487585914250283925417882399259562640415612166996038459544679760123374497617766185377502379
q21=458469661447671020426529916807863701956698494322232332571466171873434657076254655071217459
q22=229234830723835510213264958403931850978349247161116166285733085936717328538127327535608729
g2=287039473418018510609295744831277025142548869873759686308301798356247081410345682967586831389672652525620640979639734137411312957028701068712344153273056316898020673365907127747960
###### Exercise 3
n3=43780093401751191696935715195785818919720117333374109040869446199266760486601434889434388952530155951015944641135307086501797201866566906100876208536598487460571616068990281791792588528208935673044830180445140881341984540324278496303931498348013943656761713856862464156588654993432596441301361765730430221636537862878408902023721860378618510370722927312241378641003752231678022122216478559601669147902451338479231717867582379840680504156374836457927759075445505038730483085609538199135566723751969528721050436816121067575800320907175382619588698655556288405844669266288748242795897734301074589418737391288428840206971
g3=13005485730664800881940736203882595092193759318003500705118274167199585518915950519433525154440637816499863265751253289127546280965883072644037378108267990429665520725307436278180861078093322264651694427656341499587585947301129740501147366924006034418992542620206358974027758292437040407788278905664378342631257367081045208131372014390421447953942280106526907613265140444817110004047990093583251650549560608460851938498299170362979095510109564308187773807785411461808714748882106227903444394531865575387704448934635000870731896304905458307838329428031532937664812653917689943684542468262178168564944623206288408155766
X3=35248281166945256677016165276626068211661069173287195135108345841246293082107690367997260311464652931794019484425747762571454484692048198757528936816332444759479185171687204848804338999796106472903947545637130236094790719597731053936577219662989648645110797338947709746906341919935166556219576021777508409763166317753345199253637715383847418932438443912501531704724902067952328257959886339887748324007719723177186116964246561036688587858395516515339034155774859385742061168695220548218000858987296136621004765011353445619104021937029782612917977601864682345641100055892368048496721640821498477068317033403512976156129
Y3=31182518877927518586812514010587188533840811389462273882883208966757029438070081335119857152408164887160550971219008566894393408346743368854832468973392744532535634093516931424570533534081968246899788445497387836283668383492912578449119499672281481632618474851097582551458971004120176985928273849608033173991860907361973534473363598010472965763302494622046944372095124685412030841849847811049866598209918512043192692344313199530380311366787934022288271137856176783312306772209838808890817555996237235756232057368272603107571057993126516075496520122543673888042166143181100519376662617964656057674773957814558697599786
###### Exercise 4
word4= 'pilgrimage'
encoded4= [2, 14, 11, 14, 13, 8, 18, 19]
C4= [17, 12, 1, 20, 1, 7, 26, 13, 15, 7, 13, 7, 17, 13, 19, 22, 1, 7, 15, 1, 17, 7, 8, 6, 17, 7, 6, 18, 11, 1, 20, 7, 13, 7, 17, 20, 1, 1, 7, 2, 18, 7, 9, 20, 8, 18, 17, 7, 8, 9, 7, 17, 12, 1, 7, 12, 8, 6, 15, 1, 7, 13, 18, 11, 7, 17, 12, 1, 7, 10, 13, 20, 14, 12, 7, 12, 13, 20, 1, 7, 13, 18, 11, 7, 17, 12, 1, 7, 12, 13, 17, 17, 1, 20, 7, 26, 1, 20, 1, 7, 12, 13, 23, 2, 18, 5, 7, 17, 1, 13, 7, 13, 17, 7, 2, 17, 7, 13, 7, 11, 8, 20, 10, 8, 6, 15, 1, 7, 26, 13, 15, 7, 15, 2, 17, 17, 2, 18, 5, 7, 19, 1, 17, 26, 1, 1, 18, 7, 17, 12, 1, 10, 7, 9, 13, 15, 17, 7, 13, 15, 22, 1, 1, 21, 7, 13, 18, 11, 7, 17, 12, 1, 7, 8, 17, 12, 1, 20, 7, 17, 26, 8, 7, 26, 1, 20, 1, 7, 6, 15, 2, 18, 5, 7, 2, 17, 7, 13, 15, 7, 13, 7, 14, 6, 15, 12, 2, 8, 18, 7, 20, 1, 15, 17, 2, 18, 5, 7, 17, 12, 1, 2, 20, 7, 1, 22, 19, 8, 26, 15, 7, 8, 18, 7, 2, 17, 7, 13, 18, 11, 7, 17, 13, 22, 4, 2, 18, 5, 7, 8, 23, 1, 20, 7, 2, 17, 15, 7, 12, 1, 13, 11, 7, 23, 1, 20, 24, 7, 6, 18, 14, 8, 10, 9, 8, 20, 17, 13, 19, 22, 1, 7, 9, 8, 20, 7, 17, 12, 1, 7, 11, 8, 20, 10, 8, 6, 15, 1, 7, 17, 12, 8, 6, 5, 12, 17, 7, 13, 22, 2, 14, 1, 7, 8, 18, 22, 24, 7, 13, 15, 7, 2, 17, 15, 7, 13, 15, 22, 1, 1, 21, 7, 2, 7, 15, 6, 21, 21, 8, 15, 1, 7, 2, 17, 7, 11, 8, 1, 15, 18, 17, 7, 10, 2, 18, 11, 7, 17, 12, 1, 7, 17, 13, 19, 22, 1, 7, 26, 13, 15, 7, 13, 7, 22, 13, 20, 5, 1, 7, 8, 18, 1, 7, 19, 6, 17, 7, 17, 12, 1, 7, 17, 12, 20, 1, 1, 7, 26, 1, 20, 1, 7, 13, 22, 22, 7, 14, 20, 8, 26, 11, 1, 11, 7, 17, 8, 5, 1, 17, 12, 1, 20, 7, 13, 17, 7, 8, 18, 1, 7, 14, 8, 20, 18, 1, 20, 7, 8, 9, 7, 2, 17, 7, 18, 8, 7, 20, 8, 8, 10, 7, 18, 8, 7, 20, 8, 8, 10, 7, 17, 12, 1, 24, 7, 14, 20, 2, 1, 11, 7, 8, 6, 17, 7, 26, 12, 1, 18, 7, 17, 12, 1, 24, 7, 15, 13, 26, 7, 13, 22, 2, 14, 1, 7, 14, 8, 10, 2, 18, 5, 7, 17, 12, 1, 20, 1, 15, 7, 21, 22, 1, 18, 17, 24, 7, 8, 9, 7, 20, 8, 8, 10, 7, 15, 13, 2, 11, 7, 13, 22, 2, 14, 1, 7, 2, 18, 11, 2, 5, 18, 13, 18, 17, 22, 24, 7, 13, 18, 11, 7, 15, 12, 1, 7, 15, 13, 17, 7, 11, 8, 26, 18, 7, 2, 18, 7, 13, 7, 22, 13, 20, 5, 1, 7, 13, 20, 10, 14, 12, 13, 2, 20, 7, 13, 17, 7, 8, 18, 1, 7, 1, 18, 11, 7, 8, 9, 7, 17, 12, 1, 7, 17, 13, 19, 22, 1, 7, 12, 13, 23, 1, 7, 15, 8, 10, 1, 7, 26, 2, 18, 1, 7, 17, 12, 1, 7, 10, 13, 20, 14, 12, 7, 12, 13, 20, 1, 7, 15, 13, 2, 11, 7, 2, 18, 7, 13, 18, 7, 1, 18, 14, 8, 6, 20, 13, 5, 2, 18, 5, 7, 17, 8, 18, 1, 7, 13, 22, 2, 14, 1, 7, 22, 8, 8, 4, 1, 11, 7, 13, 22, 22, 7, 20, 8, 6, 18, 11, 7, 17, 12, 1, 7, 17, 13, 19, 22, 1, 7, 19, 6, 17, 7, 17, 12, 1, 20, 1, 7, 26, 13, 15, 7, 18, 8, 17, 12, 2, 18, 5, 7, 8, 18, 7, 2, 17, 7, 19, 6, 17, 7, 17, 1, 13, 7, 2, 7, 11, 8, 18, 17, 7, 15, 1, 1, 7, 13, 18, 24, 7, 26, 2, 18, 1, 7, 15, 12, 1, 7, 20, 1, 10, 13, 20, 4, 1, 11, 7, 17, 12, 1, 20, 1, 7, 2, 15, 18, 17, 7, 13, 18, 24, 7, 15, 13, 2, 11, 7, 17, 12, 1, 7, 10, 13, 20, 14, 12, 7, 12, 13, 20, 1, 7, 17, 12, 1, 18, 7, 2, 17, 7, 26, 13, 15, 18, 17, 7, 23, 1, 20, 24, 7, 14, 2, 23, 2, 22, 7, 8, 9, 7, 24, 8, 6, 7, 17, 8, 7, 8, 9, 9, 1, 20, 7, 2, 17, 7, 15, 13, 2, 11, 7, 13, 22, 2, 14, 1, 7, 13, 18, 5, 20, 2, 22, 24, 7, 2, 17, 7, 26, 13, 15, 18, 17, 7, 23, 1, 20, 24, 7, 14, 2, 23, 2, 22, 7, 8, 9, 7, 24, 8, 6, 7, 17, 8, 7, 15, 2, 17, 7, 11, 8, 26, 18, 7, 26, 2, 17, 12, 8, 6, 17, 7, 19, 1, 2, 18, 5, 7, 2, 18, 23, 2, 17, 1, 11, 7, 15, 13, 2, 11, 7, 17, 12, 1, 7, 10, 13, 20, 14, 12, 7, 12, 13, 20, 1, 7, 2, 7, 11, 2, 11, 18, 17, 7, 4, 18, 8, 26, 7, 2, 17, 7, 26, 13, 15, 7, 24, 8, 6, 20, 7, 17, 13, 19, 22, 1, 7, 15, 13, 2, 11, 7, 13, 22, 2, 14, 1, 7, 2, 17, 15, 7, 22, 13, 2, 11, 7, 9, 8, 20, 7, 13, 7, 5, 20, 1, 13, 17, 7, 10, 13, 18, 24, 7, 10, 8, 20, 1, 7, 17, 12, 13, 18, 7, 17, 12, 20, 1, 1, 7, 24, 8, 6, 20, 7, 12, 13, 2, 20, 7, 26, 13, 18, 17, 15, 7, 14, 6, 17, 17, 2, 18, 5, 7, 15, 13, 2, 11, 7, 17, 12, 1, 7, 12, 13, 17, 17, 1, 20, 7, 12, 1, 7, 12, 13, 11, 7, 19, 1, 1, 18, 7, 22, 8, 8, 4, 2, 18, 5, 7, 13, 17, 7, 13, 22, 2, 14, 1, 7, 9, 8, 20, 7, 15, 8, 10, 1, 7, 17, 2, 10, 1, 7, 26, 2, 17, 12, 7, 5, 20, 1, 13, 17, 7, 14, 6, 20, 2, 8, 15, 2, 17, 24, 7, 13, 18, 11, 7, 17, 12, 2, 15, 7, 26, 13, 15, 7, 12, 2, 15, 7, 9, 2, 20, 15, 17, 7, 15, 21, 1, 1, 14, 12, 7, 24, 8, 6, 7, 15, 12, 8, 6, 22, 11, 7, 22, 1, 13, 20, 18, 7, 18, 8, 17, 7, 17, 8, 7, 10, 13, 4, 1, 7, 21, 1, 20, 15, 8, 18, 13, 22, 7, 20, 1, 10, 13, 20, 4, 15, 7, 13, 22, 2, 14, 1, 7, 15, 13, 2, 11, 7, 26, 2, 17, 12, 7, 15, 8, 10, 1, 7, 15, 1, 23, 1, 20, 2, 17, 24, 7, 2, 17, 15, 7, 23, 1, 20, 24, 7, 20, 6, 11, 1, 7, 17, 12, 1, 7, 12, 13, 17, 17, 1, 20, 7, 8, 21, 1, 18, 1, 11, 7, 12, 2, 15, 7, 1, 24, 1, 15, 7, 23, 1, 20, 24, 7, 26, 2, 11, 1, 7, 8, 18, 7, 12, 1, 13, 20, 2, 18, 5, 7, 17, 12, 2, 15, 7, 19, 6, 17, 7, 13, 22, 22, 7, 12, 1, 7, 15, 13, 2, 11, 7, 26, 13, 15, 7, 26, 12, 24, 7, 2, 15, 7, 13, 7, 20, 13, 23, 1, 18, 7, 22, 2, 4, 1, 7, 13, 7, 26, 20, 2, 17, 2, 18, 5, 11, 1, 15, 4, 7, 14, 8, 10, 1, 7, 26, 1, 7, 15, 12, 13, 22, 22, 7, 12, 13, 23, 1, 7, 15, 8, 10, 1, 7, 9, 6, 18, 7, 18, 8, 26, 7, 17, 12, 8, 6, 5, 12, 17, 7, 13, 22, 2, 14, 1, 7, 2, 10, 7, 5, 22, 13, 11, 7, 17, 12, 1, 24, 23, 1, 7, 19, 1, 5, 6, 18, 7, 13, 15, 4, 2, 18, 5, 7, 20, 2, 11, 11, 22, 1, 15, 7, 2, 7, 19, 1, 22, 2, 1, 23, 1, 7, 2, 7, 14, 13, 18, 7, 5, 6, 1, 15, 15, 7, 17, 12, 13, 17, 7, 15, 12, 1, 7, 13, 11, 11, 1, 11, 7, 13, 22, 8, 6, 11, 7, 11, 8, 7, 24, 8, 6, 7, 10, 1, 13, 18, 7, 17, 12, 13, 17, 7, 24, 8, 6, 7, 17, 12, 2, 18, 4, 7, 24, 8, 6, 7, 14, 13, 18, 7, 9, 2, 18, 11, 7, 8, 6, 17, 7, 17, 12, 1, 7, 13, 18, 15, 26, 1, 20, 7, 17, 8, 7, 2, 17, 7, 15, 13, 2, 11, 7, 17, 12, 1, 7, 10, 13, 20, 14, 12, 7, 12, 13, 20, 1, 7, 1, 16, 13, 14, 17, 22, 24, 7, 15, 8, 7, 15, 13, 2, 11, 7, 13, 22, 2, 14, 1, 7, 17, 12, 1, 18, 7, 24, 8, 6, 7, 15, 12, 8, 6, 22, 11, 7, 15, 13, 24, 7, 26, 12, 13, 17, 7, 24, 8, 6, 7, 10, 1, 13, 18, 7, 17, 12, 1, 7, 10, 13, 20, 14, 12, 7, 12, 13, 20, 1, 7, 26, 1, 18, 17, 7, 8, 18, 7, 2, 7, 11, 8, 7, 13, 22, 2, 14, 1, 7, 12, 13, 15, 17, 2, 22, 24, 7, 20, 1, 21, 22, 2, 1, 11, 7, 13, 17, 7, 22, 1, 13, 15, 17, 13, 17, 7, 22, 1, 13, 15, 17, 7, 2, 7, 10, 1, 13, 18, 7, 26, 12, 13, 17, 7, 2, 7, 15, 13, 24, 17, 12, 13, 17, 15, 7, 17, 12, 1, 7, 15, 13, 10, 1, 7, 17, 12, 2, 18, 5, 7, 24, 8, 6, 7, 4, 18, 8, 26, 7, 18, 8, 17, 7, 17, 12, 1, 7, 15, 13, 10, 1, 7, 17, 12, 2, 18, 5, 7, 13, 7, 19, 2, 17, 7, 15, 13, 2, 11, 7, 17, 12, 1, 7, 12, 13, 17, 17, 1, 20, 7, 24, 8, 6, 7, 10, 2, 5, 12, 17, 7, 3, 6, 15, 17, 7, 13, 15, 7, 26, 1, 22, 22, 7, 15, 13, 24, 7, 17, 12, 13, 17, 7, 2, 7, 15, 1, 1, 7, 26, 12, 13, 17, 7, 2, 7, 1, 13, 17, 7, 2, 15, 7, 17, 12, 1, 7, 15, 13, 10, 1, 7, 17, 12, 2, 18, 5, 7, 13, 15, 7, 2, 7, 1, 13, 17, 7, 26, 12, 13, 17, 7, 2, 7, 15, 1, 1, 7, 24, 8, 6, 7, 10, 2, 5, 12, 17, 7, 3, 6, 15, 17, 7, 13, 15, 7, 26, 1, 22, 22, 7, 15, 13, 24, 7, 13, 11, 11, 1, 11, 7, 17, 12, 1, 7, 10, 13, 20, 14, 12, 7, 12, 13, 20, 1, 7, 17, 12, 13, 17, 7, 2, 7, 22, 2, 4, 1, 7, 26, 12, 13, 17, 7, 2, 7, 5, 1, 17, 7, 2, 15, 7, 17, 12, 1, 7, 15, 13, 10, 1, 7, 17, 12, 2, 18, 5, 7, 13, 15, 7, 2, 7, 5, 1, 17, 7, 26, 12, 13, 17, 7, 2, 7, 22, 2, 4, 1, 7, 24, 8, 6, 7, 10, 2, 5, 12, 17, 7, 3, 6, 15, 17, 7, 13, 15, 7, 26, 1, 22, 22, 7, 15, 13, 24, 7, 13, 11, 11, 1, 11, 7, 17, 12, 1, 7, 11, 8, 20, 10, 8, 6, 15, 1, 7, 26, 12, 8, 7, 15, 1, 1, 10, 1, 11, 7, 17, 8, 7, 19, 1, 7, 17, 13, 22, 4, 2, 18, 5, 7, 2, 18, 7, 12, 2, 15, 7, 15, 22, 1, 1, 21, 7, 17, 12, 13, 17, 7, 2, 7, 19, 20, 1, 13, 17, 12, 1, 7, 26, 12, 1, 18, 7, 2, 7, 15, 22, 1, 1, 21, 7, 2, 15, 7, 17, 12, 1, 7, 15, 13, 10, 1, 7, 17, 12, 2, 18, 5, 7, 13, 15, 7, 2, 7, 15, 22, 1, 1, 21, 7, 26, 12, 1, 18, 7, 2, 7, 19, 20, 1, 13, 17, 12, 1, 7, 2, 17, 7, 2, 15, 7, 17, 12, 1, 7, 15, 13, 10, 1, 7, 17, 12, 2, 18, 5, 7, 26, 2, 17, 12, 7, 24, 8, 6, 7, 15, 13, 2, 11, 7, 17, 12, 1, 7, 12, 13, 17, 17, 1, 20, 7, 13, 18, 11, 7, 12, 1, 20, 1, 7, 17, 12, 1, 7, 14, 8, 18, 23, 1, 20, 15, 13, 17, 2, 8, 18, 7, 11, 20, 8, 21, 21, 1, 11, 7, 13, 18, 11, 7, 17, 12, 1, 7, 21, 13, 20, 17, 24, 7, 15, 13, 17, 7, 15, 2, 22, 1, 18, 17, 7, 9, 8, 20, 7, 13, 7, 10, 2, 18, 6, 17, 1, 7, 26, 12, 2, 22, 1, 7, 13, 22, 2, 14, 1, 7, 17, 12, 8, 6, 5, 12, 17, 7, 8, 23, 1, 20, 7, 13, 22, 22, 7, 15, 12, 1, 7, 14, 8, 6, 22, 11, 7, 20, 1, 10, 1, 10, 19, 1, 20, 7, 13, 19, 8, 6, 17, 7, 20, 13, 23, 1, 18, 15, 7, 13, 18, 11, 7, 26, 20, 2, 17, 2, 18, 5, 11, 1, 15, 4, 15, 7, 26, 12, 2, 14, 12, 7, 26, 13, 15, 18, 17, 7, 10, 6, 14, 12, 7, 17, 12, 1, 7, 12, 13, 17, 17, 1, 20, 7, 26, 13, 15, 7, 17, 12, 1, 7, 9, 2, 20, 15, 17, 7, 17, 8, 7, 19, 20, 1, 13, 4, 7, 17, 12, 1, 7, 15, 2, 22, 1, 18, 14, 1, 7, 26, 12, 13, 17, 7, 11, 13, 24, 7, 8, 9, 7, 17, 12, 1, 7, 10, 8, 18, 17, 12, 7, 2, 15, 7, 2, 17, 7, 12, 1, 7, 15, 13, 2, 11, 7, 17, 6, 20, 18, 2, 18, 5, 7, 17, 8, 7, 13, 22, 2, 14, 1, 7, 12, 1, 7, 12, 13, 11, 7, 17, 13, 4, 1, 18, 7, 12, 2, 15, 7, 26, 13, 17, 14, 12, 7, 8, 6, 17, 7, 8, 9, 7, 12, 2, 15, 7, 21, 8, 14, 4, 1, 17, 7, 13, 18, 11, 7, 26, 13, 15, 7, 22, 8, 8, 4, 2, 18, 5, 7, 13, 17, 7, 2, 17, 7, 6, 18, 1, 13, 15, 2, 22, 24, 7, 15, 12, 13, 4, 2, 18, 5, 7, 2, 17, 7, 1, 23, 1, 20, 24, 7, 18, 8, 26, 7, 13, 18, 11, 7, 17, 12, 1, 18, 7, 13, 18, 11, 7, 12, 8, 22, 11, 2, 18, 5, 7, 2, 17, 7, 17, 8, 7, 12, 2, 15, 7, 1, 13, 20, 7, 13, 22, 2, 14, 1, 7, 14, 8, 18, 15, 2, 11, 1, 20, 1, 11, 7, 13, 7, 22, 2, 17, 17, 22, 1, 7, 13, 18, 11, 7, 17, 12, 1, 18, 7, 15, 13, 2, 11, 7, 17, 12, 1, 7, 9, 8, 6, 20, 17, 12, 7, 17, 26, 8, 7, 11, 13, 24, 15, 7, 26, 20, 8, 18, 5, 7, 15, 2, 5, 12, 1, 11, 7, 17, 12, 1, 7, 12, 13, 17, 17, 1, 20, 7, 2, 7, 17, 8, 22, 11, 7, 24, 8, 6, 7, 19, 6, 17, 17, 1, 20, 7, 26, 8, 6, 22, 11, 18, 17, 7, 15, 6, 2, 17, 7, 17, 12, 1, 7, 26, 8, 20, 4, 15, 7, 12, 1, 7, 13, 11, 11, 1, 11, 7, 22, 8, 8, 4, 2, 18, 5, 7, 13, 18, 5, 20, 2, 22, 24, 7, 13, 17, 7, 17, 12, 1, 7, 10, 13, 20, 14, 12, 7, 12, 13, 20, 1, 7, 2, 17, 7, 26, 13, 15, 7, 17, 12, 1, 7, 19, 1, 15, 17, 7, 19, 6, 17, 17, 1, 20, 7, 17, 12, 1, 7, 10, 13, 20, 14, 12, 7, 12, 13, 20, 1, 7, 10, 1, 1, 4, 22, 24, 7, 20, 1, 21, 22, 2, 1, 11, 7, 24, 1, 15, 7, 19, 6, 17, 7, 15, 8, 10, 1, 7, 14, 20, 6, 10, 19, 15, 7, 10, 6, 15, 17, 7, 12, 13, 23, 1, 7, 5, 8, 17, 7, 2, 18, 7, 13, 15, 7, 26, 1, 22, 22, 7, 17, 12, 1, 7, 12, 13, 17, 17, 1, 20, 7, 5, 20, 6, 10, 19, 22, 1, 11, 7, 24, 8, 6, 7, 15, 12, 8, 6, 22, 11, 18, 17, 7, 12, 13, 23, 1, 7, 21, 6, 17, 7, 2, 17, 7, 2, 18, 7, 26, 2, 17, 12, 7, 17, 12, 1, 7, 19, 20, 1, 13, 11, 4, 18, 2, 9, 1, 7, 17, 12, 1, 7, 10, 13, 20, 14, 12, 7, 12, 13, 20, 1, 7, 17, 8, 8, 4, 7, 17, 12, 1, 7, 26, 13, 17, 14, 12, 7, 13, 18, 11, 7, 22, 8, 8, 4, 1, 11, 7, 13, 17, 7, 2, 17, 7, 5, 22, 8, 8, 10, 2, 22, 24, 7, 17, 12, 1, 18, 7, 12, 1, 7, 11, 2, 21, 21, 1, 11, 7, 2, 17, 7, 2, 18, 17, 8, 7, 12, 2, 15, 7, 14, 6, 21, 7, 8, 9, 7, 17, 1, 13, 7, 13, 18, 11, 7, 22, 8, 8, 4, 1, 11, 7, 13, 17, 7, 2, 17, 7, 13, 5, 13, 2, 18, 7, 19, 6, 17, 7, 12, 1, 7, 14, 8, 6, 22, 11, 7, 17, 12, 2, 18, 4, 7, 8, 9, 7, 18, 8, 17, 12, 2, 18, 5, 7, 19, 1, 17, 17, 1, 20, 7, 17, 8, 7, 15, 13, 24, 7, 17, 12, 13, 18, 7, 12, 2, 15, 7, 9, 2, 20, 15, 17, 7, 20, 1, 10, 13, 20, 4, 7, 2, 17, 7, 26, 13, 15, 7, 17, 12, 1, 7, 19, 1, 15, 17, 7, 19, 6, 17, 17, 1, 20, 7, 24, 8, 6, 7, 4, 18, 8, 26, 7, 13, 22, 2, 14, 1, 7, 12, 13, 11, 7, 19, 1, 1, 18, 7, 22, 8, 8, 4, 2, 18, 5, 7, 8, 23, 1, 20, 7, 12, 2, 15, 7, 15, 12, 8, 6, 22, 11, 1, 20, 7, 26, 2, 17, 12, 7, 15, 8, 10, 1, 7, 14, 6, 20, 2, 8, 15, 2, 17, 24, 7, 26, 12, 13, 17, 7, 13, 7, 9, 6, 18, 18, 24, 7, 26, 13, 17, 14, 12, 7, 15, 12, 1, 7, 20, 1, 10, 13, 20, 4, 1, 11, 7, 2, 17, 7, 17, 1, 22, 22, 15, 7, 17, 12, 1, 7, 11, 13, 24, 7, 8, 9, 7, 17, 12, 1, 7, 10, 8, 18, 17, 12, 7, 13, 18, 11, 7, 11, 8, 1, 15, 18, 17, 7, 17, 1, 22, 22, 7, 26, 12, 13, 17, 7, 8, 14, 22, 8, 14, 4, 7, 2, 17, 7, 2, 15, 7]
hint4= [-1, 19, 14, -1, -1, 9, 5, 12, 2, -1, 4, -1, -1, 18, 8, 21, -1, -1, -1, -1, -1, -1, 26, 16, 24, 0, -1]
###### Exercise 5
C5= [15, 0, 19, 18, 23, 14, 17, 3, 26, 8, 19, 26, 4, 23, 3, 12, 21, 3, 4, 3]
